   n  posicion pa  intervalo  valor    posicion mw  intervalo   valor       retar  n    posi-qrs  paciente = 100s   

   frecuencia de muestreo = 360

     1           76            293        7.148            90            294        7.333           14        1            76
     2          369            293       10.000           384            291       10.000           15        2           369
     3          662            284        9.020           675            283        9.326           13        3           661
     4          946            284        8.481           958            287        8.774           12        4           945
     5         1230            284        8.004          1245            283        7.498           15        5          1230
     6         1514            295        8.504          1528            294        8.289           14        6          1514
     7         1809            235        9.062          1822            234        9.372           13        7          1808
     8         2044            358        8.616          2056            362        8.712           12        8          2043
     9         2402            303        9.478          2418            300        9.614           16        9          2402
    10         2705            292        8.904          2718            293        9.057           13       10          2705
    11         2997            285        8.581          3011            285        8.625           14       11          2996
    12         3282            277        8.096          3296            277        7.736           14       12          3281
    13         3559            303        7.971          3573            302        7.539           14       13          3558
    14         3862            308        8.987          3875            305        9.063           13       14          3861
    15         4170            295        8.519          4180            299        8.720           10       15          4169
    16         4465            299        8.125          4479            300        7.732           14       16          4465
    17         4764            296        8.822          4779            294        8.486           15       17          4763
    18         5060            286        8.674          5073            287        8.745           13       18          5059
    19         5346            287        7.819          5360            285        7.569           14       19          5345
    20         5633            285       10.467          5645            287       10.459           12       20          5632
    21         5918            296        8.481          5932            296        8.775           14       21          5917
    22         6214            312        9.400          6228            312       10.094           14       22          6213
    23         6526            297        8.881          6540            296        8.789           14       23          6526
    24         6823            282        8.549          6836            283        8.676           13       24          6822
    25         7105            286        8.989          7119            283        9.214           14       25          7105
    26         7391            278       11.048          7402            281       11.246           11       26          7390
    27         7669            283        8.405          7683            283        8.552           14       27          7668
    28         7952            293        9.001          7966            291        8.980           14       28          7952
    29         8245            293        9.804          8257            295        9.994           12       29          8245
    30         8538            299        8.940          8552            299        9.230           14       30          8538
    31         8837            304        8.104          8851            305        8.410           14       31          8836
    32         9141            290        9.060          9156            289        9.656           15       32          9140
    33         9431            278       11.391          9445            278       13.240           14       33          9430
    34         9709            288        8.705          9723            287        8.585           14       34          9709
    35         9997            284        8.240         10010            285        8.174           13       35          9997
    36        10281            309        9.354         10295            306        9.505           14       36         10281
    37        10590            304        9.870         10601            308       10.603           11       37         10590
    38        10894            297        9.392         10909            297       10.138           15       38         10893
    39        11191            289        8.197         11206            288        8.403           15       39         11190
    40        11480            300        8.919         11494            299        9.535           14       40         11479
    41        11780            285       10.487         11793            287       11.428           13       41         11780
    42        12065            284        8.146         12080            282        7.885           15       42         12065
    43        12349            295        9.500         12362            296        9.230           13       43         12349
    44        12644            305        9.143         12658            304        9.259           14       44         12644
    45        12949            317       10.065         12962            314       10.941           13       45         12948
    46        13266            295        8.707         13276            300        8.733           10       46         13265
    47        13561            280        8.411         13576            281        8.254           15       47         13561
    48        13841            289        9.259         13857            287       10.077           16       48         13841
    49        14130            292        9.109         14144            291        9.225           14       49         14130
    50        14422            288        8.028         14435            289        7.570           13       50         14421
    51        14710            300        8.351         14724            299        8.348           14       51         14709
    52        15010            299        9.205         15023            300        9.193           13       52         15010
    53        15309            297        8.890         15323            298        8.789           14       53         15309
    54        15606            293        8.386         15621            292        7.978           15       54         15606
    55        15899            283        8.460         15913            285        8.203           14       55         15898
    56        16182            282       10.800         16198            280       11.554           16       56         16182
    57        16464            290       10.740         16478            290       11.804           14       57         16463
    58        16754            303        8.339         16768            303        8.008           14       58         16754
    59        17057            300        8.874         17071            299        8.752           14       59         17057
    60        17357            299        9.225         17370            301        9.378           13       60         17357
    61        17656            290       11.516         17671            289       12.086           15       61         17656
    62        17946            280        8.231         17960            279        7.819           14       62         17946
    63        18226            287        9.078         18239            285        8.548           13       63         18226
    64        18513            282        8.657         18524            283        7.987           11       64         18513
    65        18795            285        8.800         18807            287        7.938           12       65         18794
    66        19080            307        8.540         19094            306        8.437           14       66         19079
    67        19387            305        9.837         19400            305        9.994           13       67         19387
    68        19692            297       10.088         19705            297        9.935           13       68         19692
    69        19989            282        7.701         20002            282        7.515           13       69         19988
    70        20271            282        8.429         20284            283        8.258           13       70         20270
    71        20553            284        9.224         20567            283        9.074           14       71         20553
    72        20837            294        8.617         20850            295        8.311           13       72         20836
    73        21131            292        8.316         21145            293        8.189           14       73         21130
    74        21423            183        9.082         21438         -21438        9.913           15       74         21422
    75        21606         -21606        1.394             0              0        0.000       -21606       75             0
 RMAX =       1.000   Factor d'escala senyal
 PA_RMAX =  167589.703   Factor d'escala senyal    passa_alt
 PB_RMAX =     271.431   Factor d'escala senyal    passa_baix
